3
#0
3
#250
3
#0
200
2
35
126
1
36
2
37
3
#20
14
1
37
2
37
3
#360
9
4
30
3
#0
1
37
2
37
100
2
15
3
#0
11
4
51
2
38
3
#0
10
4
51
2
15
1
38
2
16
3
#0
11
4
69
2
39
3
#0
10
4
69
2
16
1
39
2
17
3
#0
11
4
87
2
40
3
#0
10
4
87
2
17
1
40
3
#0
1
41
2
8
3
#20
8
4
116
2
38
3
#0
11
4
116
2
33
2
38
109
1
2
3
#1
1
41
2
9
3
#0
10
4
137
2
39
3
#0
11
4
137
2
33
2
39
109
1
2
2
7
3
#8
8
4
158
2
40
3
#0
11
4
158
2
33
2
40
109
1
2
2
14
3
#0
11
4
199
2
42
3
#0
10
4
178
2
14
1
42
5
199
2
33
2
42
108
1
43
2
43
2
33
2
14
108
9
4
199
2
14
1
42
2
42
3
#0
11
2
8
3
#0
9
2
9
3
#0
9
25
24
4
357
2
33
2
42
108
1
43
2
42
126
1
44
2
43
3
#1000
8
2
44
3
#1
10
24
4
255
2
33
2
42
109
3
#90
14
1
2
5
262
2
33
2
42
109
1
2
2
43
3
#800
17
1
45
2
31
2
42
109
1
3
2
3
30
3
#10
8
4
319
2
32
2
42
110
2
45
15
1
4
2
4
30
3
#2
8
4
319
2
43
3
#1500
8
2
44
3
#1
10
24
4
319
3
#1
1
5
2
9
3
#0
9
4
340
2
43
3
#500
9
4
340
2
33
2
42
109
1
2
2
43
3
#600
8
2
44
3
#1
10
24
4
357
3
#1
1
6
2
24
100
2
18
3
#0
9
2
18
3
#400
8
24
4
381
3
#20
1
46
2
19
1
47
2
46
3
#0
9
4
399
2
46
3
#1
15
1
46
2
47
1
2
3
#1
1
1
2
29
3
#0
11
4
427
2
48
3
#0
10
2
49
3
#0
10
24
4
427
3
#30
1
48
2
48
3
#0
9
4
469
2
48
3
#1
15
1
48
2
48
3
#0
10
4
452
3
#50
1
49
3
#1
36
1
1
2
48
3
#30
8
4
469
3
#1
36
1
2
2
49
3
#0
9
4
491
2
49
3
#1
15
1
49
3
#1
1
1
3
#1
1
2
